# Circuit simulator for Atari System II transistor output video drivers for intensity plus one color channel
# This file can be loaded in the simulator at https://www.falstad.com/circuit/
$ 1 0.000005 0.05 61 5 50 5e-11
r 576 176 576 240 0 150
r 528 176 528 240 0 120
t 544 256 576 256 2 -1 0 0 100 default
r 576 272 576 336 0 180
w 528 256 512 256 0
w 528 256 528 240 0
g 576 336 576 352 0 0
R 480 176 416 176 0 0 40 5 0 0 0.5
r 480 176 480 240 0 1000
r 384 272 448 272 0 220
r 384 304 448 304 0 470
r 384 336 448 336 0 1000
r 384 368 448 368 0 2000
r 512 336 576 336 0 3900
r 512 400 512 336 0 150
w 528 256 544 256 0
w 512 288 512 336 0
w 448 304 448 336 0
w 448 272 448 304 0
w 448 336 448 368 0
w 528 176 576 176 0
w 448 336 512 336 0
w 272 400 144 400 0
w 272 416 160 416 0
w 272 448 176 448 0
w 272 464 192 464 0
w 144 400 144 752 0
w 160 752 160 416 0
w 176 448 176 752 0
w 192 464 192 752 0
153 272 432 352 432 0 4 0 5
t 640 272 672 272 2 1 0 0 100 default
t 736 272 768 272 2 1 0 0 100 default
t 688 256 720 256 2 -1 0 0 100 default
r 672 176 672 240 0 160
r 720 176 720 240 0 390
r 768 176 768 240 0 68
w 672 240 672 256 0
w 768 240 768 256 0
w 736 272 720 272 0
w 672 256 688 256 0
r 768 320 768 384 0 68
r 720 320 720 384 0 470
r 672 320 672 384 0 10000
w 768 288 768 320 0
w 816 320 848 320 2
w 720 272 720 320 0
w 672 176 720 176 0
w 720 176 768 176 0
R 768 176 832 176 0 0 40 15 0 0 0.5
g 720 384 720 400 0 0
g 768 384 768 400 0 0
r 384 592 448 592 0 620
r 384 624 448 624 0 1200
r 384 656 448 656 0 2400
r 384 688 448 688 0 5100
w 192 368 192 464 0
w 176 336 176 448 0
w 160 304 160 416 0
w 144 272 144 400 0
w 640 592 448 592 0
w 448 592 448 624 0
w 448 624 448 656 0
w 448 656 448 688 0
g 672 384 672 400 0 0
r 608 240 672 240 0 820
I 336 592 384 592 0 0.5 5
I 336 624 384 624 0 0.5 5
I 336 656 384 656 0 0.5 5
I 336 688 384 688 0 0.5 5
I 336 368 384 368 0 0.5 5
I 336 336 384 336 0 0.5 5
I 336 304 384 304 0 0.5 5
I 336 272 384 272 0 0.5 5
153 272 528 352 528 0 4 0 5
w 224 592 336 592 0
w 240 624 336 624 0
w 256 656 336 656 0
w 272 688 336 688 0
w 336 272 144 272 0
w 160 304 336 304 0
w 336 336 176 336 0
w 192 368 336 368 0
w 272 496 224 496 0
w 224 496 224 592 0
w 272 512 240 512 0
w 240 512 240 624 0
w 272 544 256 544 0
w 256 544 256 656 0
w 272 688 272 560 0
w 272 752 272 688 0
w 256 752 256 656 0
w 240 752 240 624 0
w 224 752 224 592 0
L 144 752 144 784 0 0 false 5 0
L 176 752 176 784 0 0 false 5 0
L 192 752 192 784 0 1 false 5 0
L 224 752 224 784 0 0 false 5 0
L 240 752 240 784 0 0 false 5 0
L 256 752 256 784 0 0 false 5 0
L 272 752 272 784 0 0 false 5 0
L 160 752 160 784 0 0 false 5 0
t 544 512 576 512 2 1 0 0 100 default
t 544 432 576 432 2 1 0 0 100 default
g 576 528 576 544 0 0
r 480 512 544 512 0 1000
r 480 432 544 432 0 1000
w 576 400 576 416 0
g 576 448 576 464 0 0
w 352 432 352 496 0
I 432 432 480 432 0 0.5 5
r 816 320 816 384 0 75
g 816 384 816 400 0 0
t 480 272 512 272 2 1 0 0 100 default
w 480 240 480 272 0
w 608 240 608 496 0
w 576 496 608 496 0
I 432 512 480 512 0 0.5 5
152 352 512 432 512 0 2 0 5
w 352 432 432 432 0
w 576 400 512 400 0
x 464 468 555 483 4 9 Open\sCollector\sDrivers\\nequivalent\sto\sLS07
x 136 811 198 814 4 12 INTENSITY
x 227 811 269 814 4 12 COLOR
w 576 176 672 176 0
w 672 288 672 320 0
w 576 272 640 272 0
w 672 320 640 320 0
w 640 320 640 592 0
r 768 320 816 320 0 10
